char 48
width 10
0000000000
0000000000
0000000000
0001111000
0011001100
0110000110
0110000110
0110000110
0110110110
0110110110
0110000110
0110000110
0110000110
0011001100
0001111000
0000000000
0000000000
0000000000
0000000000
0000000000

char 49
width 10
0000000000
0000000000
0000000000
0000110000
0001110000
0011110000
0000110000
0000110000
0000110000
0000110000
0000110000
0000110000
0000110000
0000110000
0011111100
0000000000
0000000000
0000000000
0000000000
0000000000

char 50
width 10
0000000000
0000000000
0000000000
0011111100
0110000110
0000000110
0000000110
0000001100
0000011000
0000110000
0001100000
0011000000
0110000000
0110000110
0111111110
0000000000
0000000000
0000000000
0000000000
0000000000

char 51
width 10
0000000000
0000000000
0000000000
0011111100
0110000110
0000000110
0000000110
0000000110
0000111100
0000000110
0000000110
0000000110
0000000110
0110000110
0011111100
0000000000
0000000000
0000000000
0000000000
0000000000

char 52
width 10
0000000000
0000000000
0000000000
0000001100
0000011100
0000111100
0001101100
0011001100
0110001100
0110001100
0111111110
0000001100
0000001100
0000001100
0000011110
0000000000
0000000000
0000000000
0000000000
0000000000

char 53
width 10
0000000000
0000000000
0000000000
0111111110
0110000000
0110000000
0110000000
0110000000
0111111100
0000000110
0000000110
0000000110
0000000110
0110000110
0011111100
0000000000
0000000000
0000000000
0000000000
0000000000

char 54
width 10
0000000000
0000000000
0000000000
0001111000
0011000000
0110000000
0110000000
0110000000
0111111100
0110000110
0110000110
0110000110
0110000110
0110000110
0011111100
0000000000
0000000000
0000000000
0000000000
0000000000

char 55
width 10
0000000000
0000000000
0000000000
0111111110
0110000110
0000000110
0000000110
0000001100
0000011000
0000110000
0000110000
0000110000
0000110000
0000110000
0000110000
0000000000
0000000000
0000000000
0000000000
0000000000

char 56
width 10
0000000000
0000000000
0000000000
0011111100
0110000110
0110000110
0110000110
0110000110
0011111100
0110000110
0110000110
0110000110
0110000110
0110000110
0011111100
0000000000
0000000000
0000000000
0000000000
0000000000

char 57
width 10
0000000000
0000000000
0000000000
0011111100
0110000110
0110000110
0110000110
0110000110
0011111110
0000000110
0000000110
0000000110
0000000110
0000001100
0011111000
0000000000
0000000000
0000000000
0000000000
0000000000
